{
    ".\\configurations\\post_processing_effects.ini": {
        "fog": {
            "color.x": 0.14787454903125764,
            "color.y": 0.3875727951526642,
            "color.z": 0.5497075915336609,
            "highlight_intensity": 2.9999992847442629,
            "highlight_color.x": 1.0,
            "highlight_color.y": 0.7494411468505859,
            "highlight_color.z": 0.30994153022766116,
            "highlight_power": 500.0,
            "global_density": 0.01499999314546585,
            "height_falloff": 0.05000000074505806,
            "start_depth": 10.0,
            "start_height": 0.0
        },
        "bokeh": {
            "max_blur": 1.0,
            "aperture": 0.0,
            "focus": 1.0,
            "aspect": 0.0
        },
        "shadowmap": {
            "color.x": 0.6499999761581421,
            "color.y": 0.6499999761581421,
            "color.z": 0.6499999761581421,
            "bias": 0.0007999999797903001
        }
    }
}