{
    ".\\configurations\\shading_constants.ini": {
        "warm_factor.x": 0.10407678037881851,
        "warm_factor.y": 0.13450294733047486,
        "warm_factor.z": 0.018091043457388879,
        "warm_factor.w": 0.7764706015586853,
        "cool_factor.x": 0.04599959775805473,
        "cool_factor.y": 0.041653845459222797,
        "cool_factor.z": 0.16959065198898316,
        "cool_factor.w": 0.09803921729326248,
        "ambient_intensity": 0.25,
        "specular_intensity": 0.009999999776482582,
        "specular_power": 20.0,
        "tone_number": 2
    }
}